 0.00000000000000000E+00
 0.54545454545454543E-01
 0.10909090909090909E+00
 0.16363636363636364E+00
 0.21818181818181817E+00
 0.27272727272727271E+00
 0.32727272727272727E+00
 0.38181818181818183E+00
 0.43636363636363640E+00
 0.49090909090909096E+00
 0.54545454545454553E+00
 0.60000000000000009E+00
 0.65454545454545465E+00
 0.70909090909090922E+00
 0.76363636363636378E+00
 0.81818181818181834E+00
 0.87272727272727291E+00
 0.92727272727272747E+00
 0.98181818181818203E+00
 0.10363636363636366E+01
 0.10909090909090911E+01
 0.11454545454545455E+01
 0.12000000000000000E+01
 0.12545454545454544E+01
 0.13090909090909089E+01
 0.13636363636363633E+01
 0.14181818181818178E+01
 0.14727272727272722E+01
 0.15272727272727267E+01
 0.15818181818181811E+01
 0.16363636363636356E+01
 0.16909090909090900E+01
 0.17454545454545445E+01
 0.17999999999999989E+01
 0.18545454545454534E+01
 0.19090909090909078E+01
 0.19636363636363623E+01
 0.20181818181818167E+01
 0.20727272727272714E+01
 0.21272727272727261E+01
 0.21818181818181808E+01
 0.22363636363636354E+01
 0.22909090909090901E+01
 0.23454545454545448E+01
 0.23999999999999995E+01
 0.24545454545454541E+01
 0.25090909090909088E+01
 0.25636363636363635E+01
 0.26181818181818182E+01
 0.26727272727272728E+01
 0.27272727272727275E+01
 0.27818181818181822E+01
 0.28363636363636369E+01
 0.28909090909090915E+01
 0.29454545454545462E+01
 0.30000000000000009E+01
 0.30545454545454556E+01
 0.31090909090909102E+01
 0.31636363636363649E+01
 0.32181818181818196E+01
 0.32727272727272743E+01
 0.33272727272727289E+01
 0.33818181818181836E+01
 0.34363636363636383E+01
 0.34909090909090930E+01
 0.35454545454545476E+01
 0.36000000000000023E+01
 0.36545454545454570E+01
 0.37090909090909117E+01
 0.37636363636363663E+01
 0.38181818181818210E+01
 0.38727272727272757E+01
 0.39272727272727304E+01
 0.39818181818181850E+01
 0.40363636363636397E+01
 0.40909090909090944E+01
 0.41454545454545491E+01
 0.42000000000000037E+01
 0.42545454545454584E+01
 0.43090909090909131E+01
 0.43636363636363678E+01
 0.44181818181818224E+01
 0.44727272727272771E+01
 0.45272727272727318E+01
 0.45818181818181865E+01
 0.46363636363636411E+01
 0.46909090909090958E+01
 0.47454545454545505E+01
 0.48000000000000052E+01
 0.48545454545454598E+01
 0.49090909090909145E+01
 0.49636363636363692E+01
 0.50181818181818239E+01
 0.50727272727272785E+01
 0.51272727272727332E+01
 0.51818181818181879E+01
 0.52363636363636425E+01
 0.52909090909090972E+01
 0.53454545454545519E+01
 0.54000000000000066E+01
 0.54545454545454612E+01
 0.55090909090909159E+01
 0.55636363636363706E+01
 0.56181818181818253E+01
 0.56727272727272799E+01
 0.57272727272727346E+01
 0.57818181818181893E+01
 0.58363636363636440E+01
 0.58909090909090986E+01
 0.59454545454545533E+01
 0.60000000000000080E+01
