 0.00000000000000000E+00
 0.74999999999999997E-01
 0.14999999999999999E+00
 0.22499999999999998E+00
 0.29999999999999999E+00
 0.37500000000000000E+00
 0.45000000000000001E+00
 0.52500000000000002E+00
 0.59999999999999998E+00
 0.67499999999999993E+00
 0.74999999999999989E+00
 0.82499999999999984E+00
 0.89999999999999980E+00
 0.97499999999999976E+00
 0.10499999999999998E+01
 0.11249999999999998E+01
 0.11999999999999997E+01
 0.12749999999999997E+01
 0.13499999999999996E+01
 0.14249999999999996E+01
 0.14999999999999996E+01
 0.15749999999999995E+01
 0.16499999999999995E+01
 0.17249999999999994E+01
 0.17999999999999994E+01
 0.18749999999999993E+01
 0.19499999999999993E+01
 0.20249999999999995E+01
 0.20999999999999996E+01
 0.21749999999999998E+01
 0.22500000000000000E+01
 0.23250000000000002E+01
 0.24000000000000004E+01
 0.24750000000000005E+01
 0.25500000000000007E+01
 0.26250000000000009E+01
 0.27000000000000011E+01
 0.27750000000000012E+01
 0.28500000000000014E+01
 0.29250000000000016E+01
 0.30000000000000018E+01
 0.30750000000000020E+01
 0.31500000000000021E+01
 0.32250000000000023E+01
 0.33000000000000025E+01
 0.33750000000000027E+01
 0.34500000000000028E+01
 0.35250000000000030E+01
 0.36000000000000032E+01
 0.36750000000000034E+01
 0.37500000000000036E+01
 0.38250000000000037E+01
 0.39000000000000039E+01
 0.39750000000000041E+01
 0.40500000000000043E+01
 0.41250000000000044E+01
 0.42000000000000046E+01
 0.42750000000000048E+01
 0.43500000000000050E+01
 0.44250000000000052E+01
 0.45000000000000053E+01
 0.45750000000000055E+01
 0.46500000000000057E+01
 0.47250000000000059E+01
 0.48000000000000060E+01
 0.48750000000000062E+01
 0.49500000000000064E+01
 0.50250000000000066E+01
 0.51000000000000068E+01
 0.51750000000000069E+01
 0.52500000000000071E+01
 0.53250000000000073E+01
 0.54000000000000075E+01
 0.54750000000000076E+01
 0.55500000000000078E+01
 0.56250000000000080E+01
 0.57000000000000082E+01
 0.57750000000000083E+01
 0.58500000000000085E+01
 0.59250000000000087E+01
 0.60000000000000089E+01
